,count,mean,std,min,25%,50%,75%,max
scorpio,100.0,0.2740940000000001,0.4309579155951789,-0.765,0.0,0.3391,0.76135,0.9429
sagittarius,100.0,0.2119780000000001,0.36823455375863096,-0.5719,0.0,0.2143,0.6369,0.9382
capricorn,100.0,0.20885100000000004,0.42807862359476434,-0.765,0.0,0.0,0.5986499999999999,0.9382
gemini,100.0,0.14529000000000003,0.43836574220551716,-0.9081,-0.002675,0.0,0.3716,0.9136
virgo,100.0,0.11655300000000002,0.4258001127894582,-0.9241,0.0,0.0,0.38880000000000003,0.9531
zodiac,100.0,0.11220400000000001,0.4532353637276481,-0.8316,-0.025675,0.0,0.4588,0.913
aquarius,100.0,0.108008,0.5308243384766678,-0.8519,-0.18882500000000002,0.0,0.4588,0.9136
pisces,100.0,0.08393699999999997,0.4156308775764254,-0.6679,-0.309875,0.0,0.428325,0.8555
taurus,100.0,0.059563,0.4542403785953695,-0.6597,-0.4588,0.0,0.4215,0.9493
leo,100.0,0.04586200000000001,0.3375754053526265,-0.7579,0.0,0.0,0.0,0.9571
aries,100.0,-0.008079000000000001,0.3148662404141245,-0.7906,-0.00645,0.0,0.0,0.8402
libra,100.0,-0.027747999999999984,0.40529032105318497,-0.7964,-0.16999999999999998,0.0,0.0516,0.9997
cancer,100.0,-0.39428399999999997,0.39335218643055353,-0.8074,-0.6344,-0.6344,0.0,0.6037
